308
46.8946
659.846
41.3001
666.319
33.1738
668.993
20.3619
668.788
1.99534
668.645
-18.3739
668.215
-38.6219
667.949
-59.3324
667.551
-59.3324
667.551
-58.9783
667.563
-58.6242
667.575
-58.2701
667.586
-57.916
667.598
-57.562
667.609
-57.2079
667.619
-56.8538
667.63
-56.4997
667.64
-56.1456
667.65
-55.7915
667.66
-55.4374
667.67
-55.0833
667.679
-54.7292
667.689
-54.3751
667.698
-54.0211
667.706
-53.667
667.715
-53.3129
667.723
-52.9588
667.732
-52.6047
667.74
-52.2506
667.748
-51.8965
667.755
-51.5424
667.763
-51.1883
667.77
-50.8342
667.777
-50.4802
667.784
-50.1261
667.791
-49.772
667.798
-49.4179
667.804
-49.0638
667.811
-48.7097
667.817
-48.3556
667.823
-48.0015
667.829
-47.6474
667.835
-47.2933
667.84
-46.9393
667.846
-46.5852
667.851
-46.2311
667.857
-45.877
667.862
-45.5229
667.867
-45.1688
667.872
-44.8147
667.877
-44.4606
667.882
-44.1065
667.886
-43.7524
667.891
-43.3984
667.895
-43.0443
667.9
-42.6902
667.904
-42.3361
667.908
-41.982
667.913
-41.6279
667.917
-41.2738
667.921
-40.9197
667.925
-40.5656
667.928
-40.2115
667.932
-39.8575
667.936
-39.5034
667.94
-39.1493
667.944
-38.7952
667.947
-38.4411
667.951
-38.087
667.954
-37.7329
667.958
-37.3788
667.962
-37.0247
667.965
-36.6706
667.969
-36.3165
667.972
-35.9625
667.975
-35.6084
667.979
-35.2543
667.982
-34.9002
667.986
-34.5461
667.989
-34.192
667.993
-33.8379
667.996
-33.4838
668
-33.1297
668.003
-32.7756
668.007
-32.4216
668.01
-32.0675
668.014
-31.7134
668.017
-31.3593
668.021
-31.0052
668.025
-30.6511
668.029
-30.297
668.032
-29.9429
668.036
-29.5888
668.04
-29.2347
668.044
-28.8807
668.048
-28.5266
668.052
-28.1725
668.056
-27.8184
668.061
-27.4643
668.065
-27.1102
668.069
-26.7561
668.074
-26.402
668.078
-26.0479
668.083
-25.6938
668.088
-25.3398
668.093
-24.9857
668.098
-24.6316
668.103
-24.2775
668.108
-23.9234
668.113
-23.5693
668.119
-23.2152
668.124
-22.8611
668.13
-22.507
668.136
-22.1529
668.142
-21.7989
668.148
-21.4448
668.154
-21.0907
668.161
-20.7366
668.167
-20.3825
668.174
-20.0284
668.181
-19.6743
668.188
-19.3202
668.195
-18.9661
668.202
-18.6121
668.21
-18.258
668.218
-17.9039
668.225
-17.5498
668.233
-17.1957
668.242
-16.8416
668.25
-16.4875
668.259
-16.1334
668.267
-15.7793
668.276
-15.4252
668.285
-15.0712
668.294
-14.7171
668.303
-14.363
668.312
-14.0089
668.321
-13.6548
668.33
-13.3007
668.339
-12.9466
668.349
-12.5925
668.358
-12.2384
668.367
-11.8843
668.377
-11.5302
668.386
-11.1762
668.396
-10.8221
668.405
-10.468
668.414
-10.1139
668.423
-9.7598
668.433
-9.40571
668.442
-9.05162
668.451
-8.69753
668.46
-8.34344
668.469
-7.98935
668.478
-7.63526
668.486
-7.28117
668.495
-6.92708
668.503
-6.57299
668.512
-6.2189
668.52
-5.86481
668.528
-5.51072
668.536
-5.15663
668.544
-4.80254
668.551
-4.44845
668.558
-4.09436
668.565
-3.74027
668.572
-3.38618
668.579
-3.03209
668.585
-2.678
668.591
-2.32391
668.597
-1.96982
668.603
-1.61573
668.608
-1.26164
668.613
-0.90755
668.618
-0.55346
668.623
-0.19937
668.627
0.15472
668.631
0.50881
668.634
0.8629
668.637
1.21699
668.64
1.57108
668.643
1.92517
668.645
2.27926
668.646
2.63335
668.648
2.98744
668.649
3.34153
668.649
3.69562
668.65
4.04971
668.65
4.4038
668.65
4.75789
668.649
5.11198
668.649
5.46607
668.648
5.82016
668.647
6.17425
668.646
6.52834
668.645
6.88243
668.644
7.23652
668.642
7.59061
668.641
7.9447
668.64
8.29879
668.639
8.65288
668.638
9.00697
668.636
9.36106
668.635
9.71515
668.635
10.0692
668.634
10.4233
668.633
10.7774
668.633
11.1315
668.633
11.4856
668.633
11.8397
668.633
12.1938
668.634
12.5479
668.635
12.902
668.636
13.256
668.638
13.6101
668.64
13.9642
668.643
14.3183
668.646
14.6724
668.649
15.0265
668.653
15.3806
668.657
15.7347
668.662
16.0888
668.668
16.4429
668.674
16.797
668.681
17.151
668.688
17.5051
668.696
17.8592
668.705
18.2133
668.714
18.5674
668.724
18.9215
668.735
19.2756
668.747
19.6297
668.759
19.9838
668.773
20.3378
668.787
20.6919
668.802
21.046
668.818
21.4001
668.834
21.7542
668.851
22.1083
668.869
22.4624
668.887
22.8165
668.905
23.1706
668.923
23.5247
668.941
23.8788
668.959
24.2328
668.977
24.5869
668.994
24.941
669.011
25.2951
669.027
25.6492
669.042
26.0033
669.057
26.3574
669.071
26.7115
669.083
27.0656
669.095
27.4197
669.105
27.7737
669.114
28.1278
669.121
28.4819
669.127
28.836
669.131
29.1901
669.133
29.5442
669.133
29.8983
669.131
30.2524
669.127
30.6065
669.12
30.9606
669.111
31.3146
669.1
31.6687
669.086
32.0228
669.069
32.3769
669.049
32.731
669.026
33.0851
669
33.4392
668.971
33.7933
668.938
34.1474
668.901
34.5015
668.859
34.8555
668.811
35.2096
668.758
35.5637
668.697
35.9178
668.63
36.2719
668.555
36.626
668.472
36.9801
668.38
37.3342
668.278
37.6883
668.166
38.0423
668.044
38.3964
667.91
38.7505
667.765
39.1046
667.607
39.4587
667.437
39.8128
667.253
40.1669
667.055
40.521
666.842
40.8751
666.614
41.2292
666.37
41.5832
666.11
41.9373
665.832
42.2914
665.537
42.6455
665.225
42.9996
664.893
43.3537
664.542
43.7078
664.171
44.0619
663.78
44.416
663.368
44.7701
662.934
45.1242
662.478
45.4782
662
45.8323
661.498
46.1864
660.972
46.5405
660.421
